q1=[0 0 0 1];
R1=[ 2*q1(1,1).^2-1+2*q1(1,2)^2    2*(q1(1,2)*q1(1,3)-q1(1,1)*q1(1,4)) 2*(q1(1,2)*q1(1,4)+q1(1,1)*q1(1,3));
    2*(q1(1,2)*q1(1,3)+q1(1,1)*q1(1,4)) 2*q1(1,1)^2-1+2*q1(1,3)^2     2*(q1(1,3)*q1(1,4)-q1(1,1)*q1(1,2));
    2*(q1(1,2)*q1(1,4)-q1(1,1)*q1(1,3)) 2*(q1(1,3)*q1(1,4)+q1(1,1)*q1(1,2)) 2*q1(1,1)^2-1+2*q1(1,4)^2];
